NODE 1 2 0.00000 0.00000 1 2 1 2
NODE 2 2 15.00000 0.00000 3 4 3 4
NODE 3 2 30.00000 0.00000 5 6 5 6
NODE 4 2 45.00000 0.00000 7 8 7 8
NODE 5 2 60.00000 0.00000 9 10 9 10
NODE 6 2 75.00000 0.00000 11 12 11 12
NODE 7 2 90.00000 0.00000 13 14 13 14
NODE 8 2 105.00000 0.00000 15 16 15 16
NODE 9 2 120.00000 0.00000 17 18 17 18
NODE 10 2 135.00000 0.00000 19 20 19 20
NODE 11 2 150.00000 0.00000 21 22 21 22
NODE 12 2 165.00000 0.00000 23 24 23 24
NODE 13 2 190.00000 0.00000 25 26 25 0
NODE 14 2 0.00000 -10.00000 27 28 26 27
NODE 15 2 15.00000 -10.00000 29 30 28 29
NODE 16 2 30.00000 -12.50000 31 32 30 31
NODE 17 2 45.00000 -20.00000 33 34 32 33
NODE 18 2 60.00000 -30.00000 35 36 34 35
NODE 19 2 75.00000 -42.50000 37 38 36 37
NODE 20 2 87.50000 -70.00000 39 40 0 0
NODE 21 2 90.00000 -70.00000 41 42 0 0
NODE 22 2 92.50000 -70.00000 43 44 0 0
NODE 23 2 105.00000 -42.50000 45 46 38 39
NODE 24 2 120.00000 -30.00000 47 48 40 41
NODE 25 2 135.00000 -20.00000 49 50 42 43
NODE 26 2 150.00000 -12.50000 51 52 44 45
NODE 27 2 165.00000 -10.00000 53 54 46 47
NODE 28 2 180.00000 -10.00000 55 56 48 0
NODE 29 2 -15.00000 0.00000 57 58 49 50
NODE 30 2 -30.00000 0.00000 59 60 51 52
NODE 31 2 -45.00000 0.00000 61 62 53 54
NODE 32 2 -60.00000 0.00000 63 64 55 56
NODE 33 2 -75.00000 0.00000 65 66 57 58
NODE 34 2 -90.00000 0.00000 67 68 59 60
NODE 35 2 -105.00000 0.00000 69 70 61 62
NODE 36 2 -120.00000 0.00000 71 72 63 64
NODE 37 2 -135.00000 0.00000 73 74 65 66
NODE 38 2 -150.00000 0.00000 75 76 67 68
NODE 39 2 -165.00000 0.00000 77 78 69 70
NODE 40 2 -190.00000 0.00000 79 80 71 0
NODE 41 2 -15.00000 -10.00000 81 82 72 73
NODE 42 2 -30.00000 -12.50000 83 84 74 75
NODE 43 2 -45.00000 -20.00000 85 86 76 77
NODE 44 2 -60.00000 -30.00000 87 88 78 79
NODE 45 2 -75.00000 -42.50000 89 90 80 81
NODE 46 2 -87.50000 -70.00000 91 92 0 0
NODE 47 2 -90.00000 -70.00000 93 94 0 0
NODE 48 2 -92.50000 -70.00000 95 96 0 0
NODE 49 2 -105.00000 -42.50000 97 98 82 83
NODE 50 2 -120.00000 -30.00000 99 100 84 85
NODE 51 2 -135.00000 -20.00000 101 102 86 87
NODE 52 2 -150.00000 -12.50000 103 104 88 89
NODE 53 2 -165.00000 -10.00000 105 106 90 91
NODE 54 2 -180.00000 -10.00000 107 108 92 0
ELEMENT 1 Truss 1 2 210000000000.00000 7850.000 0.350
ELEMENT 2 Truss 2 3 210000000000.00000 7850.000 0.350
ELEMENT 3 Truss 3 4 210000000000.00000 7850.000 0.350
ELEMENT 4 Truss 4 5 210000000000.00000 7850.000 0.350
ELEMENT 5 Truss 5 6 210000000000.00000 7850.000 0.350
ELEMENT 6 Truss 6 7 210000000000.00000 7850.000 0.350
ELEMENT 7 Truss 7 8 210000000000.00000 7850.000 0.350
ELEMENT 8 Truss 8 9 210000000000.00000 7850.000 0.350
ELEMENT 9 Truss 9 10 210000000000.00000 7850.000 0.350
ELEMENT 10 Truss 10 11 210000000000.00000 7850.000 0.350
ELEMENT 11 Truss 11 12 210000000000.00000 7850.000 0.350
ELEMENT 12 Truss 12 13 210000000000.00000 7850.000 0.350
ELEMENT 13 Truss 1 29 210000000000.00000 7850.000 0.350
ELEMENT 14 Truss 29 30 210000000000.00000 7850.000 0.350
ELEMENT 15 Truss 30 31 210000000000.00000 7850.000 0.350
ELEMENT 16 Truss 31 32 210000000000.00000 7850.000 0.350
ELEMENT 17 Truss 32 33 210000000000.00000 7850.000 0.350
ELEMENT 18 Truss 33 34 210000000000.00000 7850.000 0.350
ELEMENT 19 Truss 34 35 210000000000.00000 7850.000 0.350
ELEMENT 20 Truss 35 36 210000000000.00000 7850.000 0.350
ELEMENT 21 Truss 36 37 210000000000.00000 7850.000 0.350
ELEMENT 22 Truss 37 38 210000000000.00000 7850.000 0.350
ELEMENT 23 Truss 38 39 210000000000.00000 7850.000 0.350
ELEMENT 24 Truss 39 40 210000000000.00000 7850.000 0.350
ELEMENT 25 Truss 7 21 210000000000.00000 7850.000 0.350
ELEMENT 26 Truss 34 47 210000000000.00000 7850.000 0.350
ELEMENT 27 Truss 14 15 210000000000.00000 7850.000 0.250
ELEMENT 28 Truss 15 16 210000000000.00000 7850.000 0.250
ELEMENT 29 Truss 16 17 210000000000.00000 7850.000 0.250
ELEMENT 30 Truss 17 18 210000000000.00000 7850.000 0.250
ELEMENT 31 Truss 18 19 210000000000.00000 7850.000 0.250
ELEMENT 32 Truss 19 20 210000000000.00000 7850.000 0.250
ELEMENT 33 Truss 20 21 210000000000.00000 7850.000 0.250
ELEMENT 34 Truss 21 22 210000000000.00000 7850.000 0.250
ELEMENT 35 Truss 22 23 210000000000.00000 7850.000 0.250
ELEMENT 36 Truss 23 24 210000000000.00000 7850.000 0.250
ELEMENT 37 Truss 24 25 210000000000.00000 7850.000 0.250
ELEMENT 38 Truss 25 26 210000000000.00000 7850.000 0.250
ELEMENT 39 Truss 26 27 210000000000.00000 7850.000 0.250
ELEMENT 40 Truss 27 28 210000000000.00000 7850.000 0.250
ELEMENT 41 Truss 14 41 210000000000.00000 7850.000 0.250
ELEMENT 42 Truss 41 42 210000000000.00000 7850.000 0.250
ELEMENT 43 Truss 42 43 210000000000.00000 7850.000 0.250
ELEMENT 44 Truss 43 44 210000000000.00000 7850.000 0.250
ELEMENT 45 Truss 44 45 210000000000.00000 7850.000 0.250
ELEMENT 46 Truss 45 46 210000000000.00000 7850.000 0.250
ELEMENT 47 Truss 46 47 210000000000.00000 7850.000 0.250
ELEMENT 48 Truss 47 48 210000000000.00000 7850.000 0.250
ELEMENT 49 Truss 48 49 210000000000.00000 7850.000 0.250
ELEMENT 50 Truss 49 50 210000000000.00000 7850.000 0.250
ELEMENT 51 Truss 50 51 210000000000.00000 7850.000 0.250
ELEMENT 52 Truss 51 52 210000000000.00000 7850.000 0.250
ELEMENT 53 Truss 52 53 210000000000.00000 7850.000 0.250
ELEMENT 54 Truss 53 54 210000000000.00000 7850.000 0.250
ELEMENT 55 Truss 1 14 210000000000.00000 7850.000 0.100
ELEMENT 56 Truss 14 2 210000000000.00000 7850.000 0.100
ELEMENT 57 Truss 2 15 210000000000.00000 7850.000 0.100
ELEMENT 58 Truss 15 3 210000000000.00000 7850.000 0.100
ELEMENT 59 Truss 3 16 210000000000.00000 7850.000 0.100
ELEMENT 60 Truss 16 4 210000000000.00000 7850.000 0.100
ELEMENT 61 Truss 4 17 210000000000.00000 7850.000 0.100
ELEMENT 62 Truss 17 5 210000000000.00000 7850.000 0.100
ELEMENT 63 Truss 5 18 210000000000.00000 7850.000 0.100
ELEMENT 64 Truss 18 6 210000000000.00000 7850.000 0.100
ELEMENT 65 Truss 6 19 210000000000.00000 7850.000 0.100
ELEMENT 66 Truss 19 7 210000000000.00000 7850.000 0.100
ELEMENT 67 Truss 7 23 210000000000.00000 7850.000 0.100
ELEMENT 68 Truss 23 8 210000000000.00000 7850.000 0.100
ELEMENT 69 Truss 8 24 210000000000.00000 7850.000 0.100
ELEMENT 70 Truss 24 9 210000000000.00000 7850.000 0.100
ELEMENT 71 Truss 9 25 210000000000.00000 7850.000 0.100
ELEMENT 72 Truss 25 10 210000000000.00000 7850.000 0.100
ELEMENT 73 Truss 10 26 210000000000.00000 7850.000 0.100
ELEMENT 74 Truss 26 11 210000000000.00000 7850.000 0.100
ELEMENT 75 Truss 11 27 210000000000.00000 7850.000 0.100
ELEMENT 76 Truss 27 12 210000000000.00000 7850.000 0.100
ELEMENT 77 Truss 12 28 210000000000.00000 7850.000 0.100
ELEMENT 78 Truss 28 13 210000000000.00000 7850.000 0.100
ELEMENT 79 Truss 14 29 210000000000.00000 7850.000 0.100
ELEMENT 80 Truss 29 41 210000000000.00000 7850.000 0.100
ELEMENT 81 Truss 41 30 210000000000.00000 7850.000 0.100
ELEMENT 82 Truss 30 42 210000000000.00000 7850.000 0.100
ELEMENT 83 Truss 42 31 210000000000.00000 7850.000 0.100
ELEMENT 84 Truss 31 43 210000000000.00000 7850.000 0.100
ELEMENT 85 Truss 43 32 210000000000.00000 7850.000 0.100
ELEMENT 86 Truss 32 44 210000000000.00000 7850.000 0.100
ELEMENT 87 Truss 44 33 210000000000.00000 7850.000 0.100
ELEMENT 88 Truss 33 45 210000000000.00000 7850.000 0.100
ELEMENT 89 Truss 45 34 210000000000.00000 7850.000 0.100
ELEMENT 90 Truss 34 49 210000000000.00000 7850.000 0.100
ELEMENT 91 Truss 49 35 210000000000.00000 7850.000 0.100
ELEMENT 92 Truss 35 50 210000000000.00000 7850.000 0.100
ELEMENT 93 Truss 50 36 210000000000.00000 7850.000 0.100
ELEMENT 94 Truss 36 51 210000000000.00000 7850.000 0.100
ELEMENT 95 Truss 51 37 210000000000.00000 7850.000 0.100
ELEMENT 96 Truss 37 52 210000000000.00000 7850.000 0.100
ELEMENT 97 Truss 52 38 210000000000.00000 7850.000 0.100
ELEMENT 98 Truss 38 53 210000000000.00000 7850.000 0.100
ELEMENT 99 Truss 53 39 210000000000.00000 7850.000 0.100
ELEMENT 100 Truss 39 54 210000000000.00000 7850.000 0.100
ELEMENT 101 Truss 54 40 210000000000.00000 7850.000 0.100
FORCE 1 POINT CONSTANT 1500000.00000 2 1.0 0.0 2 40 54
FORCE 2 POINT CONSTANT 750000.00000 2 0.0 -1.0 6 5 6 7 8 9 10
FORCE 1 VOLUME CONSTANT 9.80000 2 0.0 -1.0 101 1 2 3 4 5 6 7 8 9 10 11 12 13 14 15 16 17 18 19 20 21 22 23 24 25 26 27 28 29 30 31 32 33 34 35 36 37 38 39 40 41 42 43 44 45 46 47 48 49 50 51 52 53 54 55 56 57 58 59 60 61 62 63 64 65 66 67 68 69 70 71 72 73 74 75 76 77 78 79 80 81 82 83 84 85 86 87 88 89 90  91 92 93 94 95 96 97 98 99 100 101
