NODE 1 3 0.00000 0.00000 1 2 3 1 2 3
NODE 2 3 8.50000 0.00000 4 5 6 4 5 6
NODE 3 3 18.50000 0.00000 7 8 9 7 8 9
NODE 4 3 28.50000 0.00000 10 11 12 10 11 12
NODE 5 3 45.50000 0.00000 13 14 15 13 14 15
NODE 6 3 60.00000 0.00000 16 17 18 16 17 18
NODE 7 3 75.00000 0.00000 19 20 21 19 0 20
NODE 8 3 0.00000 -1.50000 22 23 24 21 22 23
NODE 9 3 8.50000 -1.50000 25 26 27 24 25 26
NODE 10 3 18.50000 -2.85000 28 29 30 27 28 29
NODE 11 3 28.50000 -5.75000 31 32 33 30 31 32
NODE 12 3 37.60000 -8.80000 34 35 36 33 34 35
NODE 13 3 45.50000 -12.50000 37 38 39 36 37 38
NODE 14 3 56.80000 -20.00000 40 41 42 0 0 0
NODE 15 3 60.00000 -18.40000 43 44 45 0 0 0
NODE 16 3 -8.50000 0.00000 46 47 48 39 40 41
NODE 17 3 -18.50000 0.00000 49 50 51 42 43 44
NODE 18 3 -28.50000 0.00000 52 53 54 45 46 47
NODE 19 3 -45.50000 0.00000 55 56 57 48 49 50
NODE 20 3 -60.00000 0.00000 58 59 60 51 52 53
NODE 21 3 -75.00000 0.00000 61 62 63 54 0 55
NODE 22 3 -8.50000 -1.50000 64 65 66 56 57 58
NODE 23 3 -18.50000 -2.85000 67 68 69 59 60 61
NODE 24 3 -28.50000 -5.75000 70 71 72 62 63 64
NODE 25 3 -37.60000 -8.80000 73 74 75 65 66 67
NODE 26 3 -45.50000 -12.50000 76 77 78 68 69 70
NODE 27 3 -56.80000 -20.00000 79 80 81 0 0 0
NODE 28 3 -60.00000 -18.40000 82 83 84 0 0 0
NODE 29 3 2.12500 0.00000 85 86 87 71 72 73
NODE 30 3 4.25000 0.00000 88 89 90 74 75 76
NODE 31 3 6.37500 0.00000 91 92 93 77 78 79
NODE 32 3 11.00000 0.00000 94 95 96 80 81 82
NODE 33 3 13.50000 0.00000 97 98 99 83 84 85
NODE 34 3 16.00000 0.00000 100 101 102 86 87 88
NODE 35 3 21.00000 0.00000 103 104 105 89 90 91
NODE 36 3 23.50000 0.00000 106 107 108 92 93 94
NODE 37 3 26.00000 0.00000 109 110 111 95 96 97
NODE 38 3 30.92857 0.00000 112 113 114 98 99 100
NODE 39 3 33.35714 0.00000 115 116 117 101 102 103
NODE 40 3 35.78571 0.00000 118 119 120 104 105 106
NODE 41 3 38.21429 0.00000 121 122 123 107 108 109
NODE 42 3 40.64286 0.00000 124 125 126 110 111 112
NODE 43 3 43.07143 0.00000 127 128 129 113 114 115
NODE 44 3 47.91667 0.00000 130 131 132 116 117 118
NODE 45 3 50.33333 0.00000 133 134 135 119 120 121
NODE 46 3 52.75000 0.00000 136 137 138 122 123 124
NODE 47 3 55.16667 0.00000 139 140 141 125 126 127
NODE 48 3 57.58333 0.00000 142 143 144 128 129 130
NODE 49 3 62.50000 0.00000 145 146 147 131 132 133
NODE 50 3 65.00000 0.00000 148 149 150 134 135 136
NODE 51 3 67.50000 0.00000 151 152 153 137 138 139
NODE 52 3 70.00000 0.00000 154 155 156 140 141 142
NODE 53 3 72.50000 0.00000 157 158 159 143 144 145
NODE 54 3 -2.12500 0.00000 160 161 162 146 147 148
NODE 55 3 -4.25000 0.00000 163 164 165 149 150 151
NODE 56 3 -6.37500 0.00000 166 167 168 152 153 154
NODE 57 3 -11.00000 0.00000 169 170 171 155 156 157
NODE 58 3 -13.50000 0.00000 172 173 174 158 159 160
NODE 59 3 -16.00000 0.00000 175 176 177 161 162 163
NODE 60 3 -21.00000 0.00000 178 179 180 164 165 166
NODE 61 3 -23.50000 0.00000 181 182 183 167 168 169
NODE 62 3 -26.00000 0.00000 184 185 186 170 171 172
NODE 63 3 -30.92857 0.00000 187 188 189 173 174 175
NODE 64 3 -33.35714 0.00000 190 191 192 176 177 178
NODE 65 3 -35.78571 0.00000 193 194 195 179 180 181
NODE 66 3 -38.21429 0.00000 196 197 198 182 183 184
NODE 67 3 -40.64286 0.00000 199 200 201 185 186 187
NODE 68 3 -43.07143 0.00000 202 203 204 188 189 190
NODE 69 3 -47.91667 0.00000 205 206 207 191 192 193
NODE 70 3 -50.33333 0.00000 208 209 210 194 195 196
NODE 71 3 -52.75000 0.00000 211 212 213 197 198 199
NODE 72 3 -55.16667 0.00000 214 215 216 200 201 202
NODE 73 3 -57.58333 0.00000 217 218 219 203 204 205
NODE 74 3 -62.50000 0.00000 220 221 222 206 207 208
NODE 75 3 -65.00000 0.00000 223 224 225 209 210 211
NODE 76 3 -67.50000 0.00000 226 227 228 212 213 214
NODE 77 3 -70.00000 0.00000 229 230 231 215 216 217
NODE 78 3 -72.50000 0.00000 232 233 234 218 219 220
NODE 79 3 2.12500 -1.50000 235 236 237 221 222 223
NODE 80 3 4.25000 -1.50000 238 239 240 224 225 226
NODE 81 3 6.37500 -1.50000 241 242 243 227 228 229
NODE 82 3 10.50000 -1.77000 244 245 246 230 231 232
NODE 83 3 12.50000 -2.04000 247 248 249 233 234 235
NODE 84 3 14.50000 -2.31000 250 251 252 236 237 238
NODE 85 3 16.50000 -2.58000 253 254 255 239 240 241
NODE 86 3 20.50000 -3.43000 256 257 258 242 243 244
NODE 87 3 22.50000 -4.01000 259 260 261 245 246 247
NODE 88 3 24.50000 -4.59000 262 263 264 248 249 250
NODE 89 3 26.50000 -5.17000 265 266 267 251 252 253
NODE 90 3 30.77500 -6.51250 268 269 270 254 255 256
NODE 91 3 33.05000 -7.27500 271 272 273 257 258 259
NODE 92 3 35.32500 -8.03750 274 275 276 260 261 262
NODE 93 3 39.57500 -9.72500 277 278 279 263 264 265
NODE 94 3 41.55000 -10.65000 280 281 282 266 267 268
NODE 95 3 43.52500 -11.57500 283 284 285 269 270 271
NODE 96 3 47.38334 -13.75000 286 287 288 272 273 274
NODE 97 3 49.26667 -15.00000 289 290 291 275 276 277
NODE 98 3 51.15000 -16.25000 292 293 294 278 279 280
NODE 99 3 53.03333 -17.50000 295 296 297 281 282 283
NODE 100 3 54.91667 -18.75000 298 299 300 284 285 286
NODE 101 3 -2.12500 -1.50000 301 302 303 287 288 289
NODE 102 3 -4.25000 -1.50000 304 305 306 290 291 292
NODE 103 3 -6.37500 -1.50000 307 308 309 293 294 295
NODE 104 3 -10.50000 -1.77000 310 311 312 296 297 298
NODE 105 3 -12.50000 -2.04000 313 314 315 299 300 301
NODE 106 3 -14.50000 -2.31000 316 317 318 302 303 304
NODE 107 3 -16.50000 -2.58000 319 320 321 305 306 307
NODE 108 3 -20.50000 -3.43000 322 323 324 308 309 310
NODE 109 3 -22.50000 -4.01000 325 326 327 311 312 313
NODE 110 3 -24.50000 -4.59000 328 329 330 314 315 316
NODE 111 3 -26.50000 -5.17000 331 332 333 317 318 319
NODE 112 3 -30.77500 -6.51250 334 335 336 320 321 322
NODE 113 3 -33.05000 -7.27500 337 338 339 323 324 325
NODE 114 3 -35.32500 -8.03750 340 341 342 326 327 328
NODE 115 3 -39.57500 -9.72500 343 344 345 329 330 331
NODE 116 3 -41.55000 -10.65000 346 347 348 332 333 334
NODE 117 3 -43.52500 -11.57500 349 350 351 335 336 337
NODE 118 3 -47.38334 -13.75000 352 353 354 338 339 340
NODE 119 3 -49.26667 -15.00000 355 356 357 341 342 343
NODE 120 3 -51.15000 -16.25000 358 359 360 344 345 346
NODE 121 3 -53.03333 -17.50000 361 362 363 347 348 349
NODE 122 3 -54.91667 -18.75000 364 365 366 350 351 352
NODE 123 3 18.50000 -1.42500 367 368 369 353 354 355
NODE 124 3 28.50000 -3.83333 370 371 372 356 357 358
NODE 125 3 28.50000 -1.91667 373 374 375 359 360 361
NODE 126 3 45.50000 -10.00000 376 377 378 362 363 364
NODE 127 3 45.50000 -7.50000 379 380 381 365 366 367
NODE 128 3 45.50000 -5.00000 382 383 384 368 369 370
NODE 129 3 45.50000 -2.50000 385 386 387 371 372 373
NODE 130 3 60.00000 -16.10000 388 389 390 374 375 376
NODE 131 3 60.00000 -13.80000 391 392 393 377 378 379
NODE 132 3 60.00000 -11.50000 394 395 396 380 381 382
NODE 133 3 60.00000 -9.20000 397 398 399 383 384 385
NODE 134 3 60.00000 -6.90000 400 401 402 386 387 388
NODE 135 3 60.00000 -4.60000 403 404 405 389 390 391
NODE 136 3 60.00000 -2.30000 406 407 408 392 393 394
NODE 137 3 -18.50000 -1.42500 409 410 411 395 396 397
NODE 138 3 -28.50000 -3.83333 412 413 414 398 399 400
NODE 139 3 -28.50000 -1.91667 415 416 417 401 402 403
NODE 140 3 -45.50000 -10.00000 418 419 420 404 405 406
NODE 141 3 -45.50000 -7.50000 421 422 423 407 408 409
NODE 142 3 -45.50000 -5.00000 424 425 426 410 411 412
NODE 143 3 -45.50000 -2.50000 427 428 429 413 414 415
NODE 144 3 -60.00000 -16.10000 430 431 432 416 417 418
NODE 145 3 -60.00000 -13.80000 433 434 435 419 420 421
NODE 146 3 -60.00000 -11.50000 436 437 438 422 423 424
NODE 147 3 -60.00000 -9.20000 439 440 441 425 426 427
NODE 148 3 -60.00000 -6.90000 442 443 444 428 429 430
NODE 149 3 -60.00000 -4.60000 445 446 447 431 432 433
NODE 150 3 -60.00000 -2.30000 448 449 450 434 435 436
ELEMENT 1 Frame 1 29 25000000000.00000 2500.000 0.36000 0.02430 5
ELEMENT 2 Frame 29 30 25000000000.00000 2500.000 0.36000 0.02430 5
ELEMENT 3 Frame 30 31 25000000000.00000 2500.000 0.36000 0.02430 5
ELEMENT 4 Frame 31 2 25000000000.00000 2500.000 0.36000 0.02430 5
ELEMENT 5 Frame 2 32 25000000000.00000 2500.000 0.36000 0.02430 5
ELEMENT 6 Frame 32 33 25000000000.00000 2500.000 0.36000 0.02430 5
ELEMENT 7 Frame 33 34 25000000000.00000 2500.000 0.36000 0.02430 5
ELEMENT 8 Frame 34 3 25000000000.00000 2500.000 0.36000 0.02430 5
ELEMENT 9 Frame 3 35 25000000000.00000 2500.000 0.36000 0.02430 5
ELEMENT 10 Frame 35 36 25000000000.00000 2500.000 0.36000 0.02430 5
ELEMENT 11 Frame 36 37 25000000000.00000 2500.000 0.36000 0.02430 5
ELEMENT 12 Frame 37 4 25000000000.00000 2500.000 0.36000 0.02430 5
ELEMENT 13 Frame 4 38 25000000000.00000 2500.000 0.36000 0.02430 5
ELEMENT 14 Frame 38 39 25000000000.00000 2500.000 0.36000 0.02430 5
ELEMENT 15 Frame 39 40 25000000000.00000 2500.000 0.36000 0.02430 5
ELEMENT 16 Frame 40 41 25000000000.00000 2500.000 0.36000 0.02430 5
ELEMENT 17 Frame 41 42 25000000000.00000 2500.000 0.36000 0.02430 5
ELEMENT 18 Frame 42 43 25000000000.00000 2500.000 0.36000 0.02430 5
ELEMENT 19 Frame 43 5 25000000000.00000 2500.000 0.36000 0.02430 5
ELEMENT 20 Frame 5 44 25000000000.00000 2500.000 0.36000 0.02430 5
ELEMENT 21 Frame 44 45 25000000000.00000 2500.000 0.36000 0.02430 5
ELEMENT 22 Frame 45 46 25000000000.00000 2500.000 0.36000 0.02430 5
ELEMENT 23 Frame 46 47 25000000000.00000 2500.000 0.36000 0.02430 5
ELEMENT 24 Frame 47 48 25000000000.00000 2500.000 0.36000 0.02430 5
ELEMENT 25 Frame 48 6 25000000000.00000 2500.000 0.36000 0.02430 5
ELEMENT 26 Frame 6 49 25000000000.00000 2500.000 0.36000 0.02430 5
ELEMENT 27 Frame 49 50 25000000000.00000 2500.000 0.36000 0.02430 5
ELEMENT 28 Frame 50 51 25000000000.00000 2500.000 0.36000 0.02430 5
ELEMENT 29 Frame 51 52 25000000000.00000 2500.000 0.36000 0.02430 5
ELEMENT 30 Frame 52 53 25000000000.00000 2500.000 0.36000 0.02430 5
ELEMENT 31 Frame 53 7 25000000000.00000 2500.000 0.36000 0.02430 5
ELEMENT 32 Frame 1 54 25000000000.00000 2500.000 0.36000 0.02430 5
ELEMENT 33 Frame 54 55 25000000000.00000 2500.000 0.36000 0.02430 5
ELEMENT 34 Frame 55 56 25000000000.00000 2500.000 0.36000 0.02430 5
ELEMENT 35 Frame 56 16 25000000000.00000 2500.000 0.36000 0.02430 5
ELEMENT 36 Frame 16 57 25000000000.00000 2500.000 0.36000 0.02430 5
ELEMENT 37 Frame 57 58 25000000000.00000 2500.000 0.36000 0.02430 5
ELEMENT 38 Frame 58 59 25000000000.00000 2500.000 0.36000 0.02430 5
ELEMENT 39 Frame 59 17 25000000000.00000 2500.000 0.36000 0.02430 5
ELEMENT 40 Frame 17 60 25000000000.00000 2500.000 0.36000 0.02430 5
ELEMENT 41 Frame 60 61 25000000000.00000 2500.000 0.36000 0.02430 5
ELEMENT 42 Frame 61 62 25000000000.00000 2500.000 0.36000 0.02430 5
ELEMENT 43 Frame 62 18 25000000000.00000 2500.000 0.36000 0.02430 5
ELEMENT 44 Frame 18 63 25000000000.00000 2500.000 0.36000 0.02430 5
ELEMENT 45 Frame 63 64 25000000000.00000 2500.000 0.36000 0.02430 5
ELEMENT 46 Frame 64 65 25000000000.00000 2500.000 0.36000 0.02430 5
ELEMENT 47 Frame 65 66 25000000000.00000 2500.000 0.36000 0.02430 5
ELEMENT 48 Frame 66 67 25000000000.00000 2500.000 0.36000 0.02430 5
ELEMENT 49 Frame 67 68 25000000000.00000 2500.000 0.36000 0.02430 5
ELEMENT 50 Frame 68 19 25000000000.00000 2500.000 0.36000 0.02430 5
ELEMENT 51 Frame 19 69 25000000000.00000 2500.000 0.36000 0.02430 5
ELEMENT 52 Frame 69 70 25000000000.00000 2500.000 0.36000 0.02430 5
ELEMENT 53 Frame 70 71 25000000000.00000 2500.000 0.36000 0.02430 5
ELEMENT 54 Frame 71 72 25000000000.00000 2500.000 0.36000 0.02430 5
ELEMENT 55 Frame 72 73 25000000000.00000 2500.000 0.36000 0.02430 5
ELEMENT 56 Frame 73 20 25000000000.00000 2500.000 0.36000 0.02430 5
ELEMENT 57 Frame 20 74 25000000000.00000 2500.000 0.36000 0.02430 5
ELEMENT 58 Frame 74 75 25000000000.00000 2500.000 0.36000 0.02430 5
ELEMENT 59 Frame 75 76 25000000000.00000 2500.000 0.36000 0.02430 5
ELEMENT 60 Frame 76 77 25000000000.00000 2500.000 0.36000 0.02430 5
ELEMENT 61 Frame 77 78 25000000000.00000 2500.000 0.36000 0.02430 5
ELEMENT 62 Frame 78 21 25000000000.00000 2500.000 0.36000 0.02430 5
ELEMENT 63 Frame 8 79 25000000000.00000 2500.000 0.22500 0.01055 5
ELEMENT 64 Frame 79 80 25000000000.00000 2500.000 0.22500 0.01055 5
ELEMENT 65 Frame 80 81 25000000000.00000 2500.000 0.22500 0.01055 5
ELEMENT 66 Frame 81 9 25000000000.00000 2500.000 0.22500 0.01055 5
ELEMENT 67 Frame 9 82 25000000000.00000 2500.000 0.22500 0.01055 5
ELEMENT 68 Frame 82 83 25000000000.00000 2500.000 0.22500 0.01055 5
ELEMENT 69 Frame 83 84 25000000000.00000 2500.000 0.22500 0.01055 5
ELEMENT 70 Frame 84 85 25000000000.00000 2500.000 0.22500 0.01055 5
ELEMENT 71 Frame 85 10 25000000000.00000 2500.000 0.22500 0.01055 5
ELEMENT 72 Frame 10 86 25000000000.00000 2500.000 0.22500 0.01055 5
ELEMENT 73 Frame 86 87 25000000000.00000 2500.000 0.22500 0.01055 5
ELEMENT 74 Frame 87 88 25000000000.00000 2500.000 0.22500 0.01055 5
ELEMENT 75 Frame 88 89 25000000000.00000 2500.000 0.22500 0.01055 5
ELEMENT 76 Frame 89 11 25000000000.00000 2500.000 0.22500 0.01055 5
ELEMENT 77 Frame 11 90 25000000000.00000 2500.000 0.22500 0.01055 5
ELEMENT 78 Frame 90 91 25000000000.00000 2500.000 0.22500 0.01055 5
ELEMENT 79 Frame 91 92 25000000000.00000 2500.000 0.22500 0.01055 5
ELEMENT 80 Frame 92 12 25000000000.00000 2500.000 0.22500 0.01055 5
ELEMENT 81 Frame 12 93 25000000000.00000 2500.000 0.22500 0.01055 5
ELEMENT 82 Frame 93 94 25000000000.00000 2500.000 0.22500 0.01055 5
ELEMENT 83 Frame 94 95 25000000000.00000 2500.000 0.22500 0.01055 5
ELEMENT 84 Frame 95 13 25000000000.00000 2500.000 0.22500 0.01055 5
ELEMENT 85 Frame 13 96 25000000000.00000 2500.000 0.22500 0.01055 5
ELEMENT 86 Frame 96 97 25000000000.00000 2500.000 0.22500 0.01055 5
ELEMENT 87 Frame 97 98 25000000000.00000 2500.000 0.22500 0.01055 5
ELEMENT 88 Frame 98 99 25000000000.00000 2500.000 0.22500 0.01055 5
ELEMENT 89 Frame 99 100 25000000000.00000 2500.000 0.22500 0.01055 5
ELEMENT 90 Frame 100 14 25000000000.00000 2500.000 0.22500 0.01055 5
ELEMENT 91 Frame 8 101 25000000000.00000 2500.000 0.22500 0.01055 5
ELEMENT 92 Frame 101 102 25000000000.00000 2500.000 0.22500 0.01055 5
ELEMENT 93 Frame 102 103 25000000000.00000 2500.000 0.22500 0.01055 5
ELEMENT 94 Frame 103 22 25000000000.00000 2500.000 0.22500 0.01055 5
ELEMENT 95 Frame 22 104 25000000000.00000 2500.000 0.22500 0.01055 5
ELEMENT 96 Frame 104 105 25000000000.00000 2500.000 0.22500 0.01055 5
ELEMENT 97 Frame 105 106 25000000000.00000 2500.000 0.22500 0.01055 5
ELEMENT 98 Frame 106 107 25000000000.00000 2500.000 0.22500 0.01055 5
ELEMENT 99 Frame 107 23 25000000000.00000 2500.000 0.22500 0.01055 5
ELEMENT 100 Frame 23 108 25000000000.00000 2500.000 0.22500 0.01055 5
ELEMENT 101 Frame 108 109 25000000000.00000 2500.000 0.22500 0.01055 5
ELEMENT 102 Frame 109 110 25000000000.00000 2500.000 0.22500 0.01055 5
ELEMENT 103 Frame 110 111 25000000000.00000 2500.000 0.22500 0.01055 5
ELEMENT 104 Frame 111 24 25000000000.00000 2500.000 0.22500 0.01055 5
ELEMENT 105 Frame 24 112 25000000000.00000 2500.000 0.22500 0.01055 5
ELEMENT 106 Frame 112 113 25000000000.00000 2500.000 0.22500 0.01055 5
ELEMENT 107 Frame 113 114 25000000000.00000 2500.000 0.22500 0.01055 5
ELEMENT 108 Frame 114 25 25000000000.00000 2500.000 0.22500 0.01055 5
ELEMENT 109 Frame 25 115 25000000000.00000 2500.000 0.22500 0.01055 5
ELEMENT 110 Frame 115 116 25000000000.00000 2500.000 0.22500 0.01055 5
ELEMENT 111 Frame 116 117 25000000000.00000 2500.000 0.22500 0.01055 5
ELEMENT 112 Frame 117 26 25000000000.00000 2500.000 0.22500 0.01055 5
ELEMENT 113 Frame 26 118 25000000000.00000 2500.000 0.22500 0.01055 5
ELEMENT 114 Frame 118 119 25000000000.00000 2500.000 0.22500 0.01055 5
ELEMENT 115 Frame 119 120 25000000000.00000 2500.000 0.22500 0.01055 5
ELEMENT 116 Frame 120 121 25000000000.00000 2500.000 0.22500 0.01055 5
ELEMENT 117 Frame 121 122 25000000000.00000 2500.000 0.22500 0.01055 5
ELEMENT 118 Frame 122 27 25000000000.00000 2500.000 0.22500 0.01055 5
ELEMENT 119 Frame 127 128 25000000000.00000 2500.000 0.25000 0.00521 5
ELEMENT 120 Frame 128 129 25000000000.00000 2500.000 0.25000 0.00521 5
ELEMENT 121 Frame 129 5 25000000000.00000 2500.000 0.25000 0.00521 5
ELEMENT 122 Frame 15 130 25000000000.00000 2500.000 0.25000 0.00521 5
ELEMENT 123 Frame 130 131 25000000000.00000 2500.000 0.25000 0.00521 5
ELEMENT 124 Frame 131 132 25000000000.00000 2500.000 0.25000 0.00521 5
ELEMENT 125 Frame 132 133 25000000000.00000 2500.000 0.25000 0.00521 5
ELEMENT 126 Frame 133 134 25000000000.00000 2500.000 0.25000 0.00521 5
ELEMENT 127 Frame 134 135 25000000000.00000 2500.000 0.25000 0.00521 5
ELEMENT 128 Frame 135 136 25000000000.00000 2500.000 0.25000 0.00521 5
ELEMENT 129 Frame 136 6 25000000000.00000 2500.000 0.25000 0.00521 5
ELEMENT 130 Frame 23 137 25000000000.00000 2500.000 0.25000 0.00521 5
ELEMENT 131 Frame 137 17 25000000000.00000 2500.000 0.25000 0.00521 5
ELEMENT 132 Frame 24 138 25000000000.00000 2500.000 0.25000 0.00521 5
ELEMENT 133 Frame 138 139 25000000000.00000 2500.000 0.25000 0.00521 5
ELEMENT 134 Frame 139 18 25000000000.00000 2500.000 0.25000 0.00521 5
ELEMENT 135 Frame 26 140 25000000000.00000 2500.000 0.25000 0.00521 5
ELEMENT 136 Frame 140 141 25000000000.00000 2500.000 0.25000 0.00521 5
ELEMENT 137 Frame 141 142 25000000000.00000 2500.000 0.25000 0.00521 5
ELEMENT 138 Frame 142 143 25000000000.00000 2500.000 0.25000 0.00521 5
ELEMENT 139 Frame 143 19 25000000000.00000 2500.000 0.25000 0.00521 5
ELEMENT 140 Frame 28 144 25000000000.00000 2500.000 0.25000 0.00521 5
ELEMENT 141 Frame 144 145 25000000000.00000 2500.000 0.25000 0.00521 5
ELEMENT 142 Frame 145 146 25000000000.00000 2500.000 0.25000 0.00521 5
ELEMENT 143 Frame 146 147 25000000000.00000 2500.000 0.25000 0.00521 5
ELEMENT 144 Frame 147 148 25000000000.00000 2500.000 0.25000 0.00521 5
ELEMENT 145 Frame 148 149 25000000000.00000 2500.000 0.25000 0.00521 5
ELEMENT 146 Frame 149 150 25000000000.00000 2500.000 0.25000 0.00521 5
ELEMENT 147 Frame 150 20 25000000000.00000 2500.000 0.25000 0.00521 5
ELEMENT 148 Frame 10 123 25000000000.00000 2500.000 0.25000 0.00521 5
ELEMENT 149 Frame 123 3 25000000000.00000 2500.000 0.25000 0.00521 5
ELEMENT 150 Frame 11 124 25000000000.00000 2500.000 0.25000 0.00521 5
ELEMENT 151 Frame 124 125 25000000000.00000 2500.000 0.25000 0.00521 5
ELEMENT 152 Frame 125 4 25000000000.00000 2500.000 0.25000 0.00521 5
ELEMENT 153 Frame 13 126 25000000000.00000 2500.000 0.25000 0.00521 5
ELEMENT 154 Frame 126 127 25000000000.00000 2500.000 0.25000 0.00521 5
ELEMENT 155 Frame 22 16 1000000000000000.00000 0.000 100.00000 833.33333 5
ELEMENT 156 Frame 8 1 1000000000000000.00000 0.000 100.00000 833.33333 5
ELEMENT 157 Frame 9 2 1000000000000000.00000 0.000 100.00000 833.33333 5
FORCE 1 POINT CONSTANT 1275000.00000 3 1.0 0.0 0.0 1 21
FORCE 2 POINT CONSTANT 1000.00000 3 0.0 -1.0 0.0 31 1 2 3 4 5 6 29 30 31 32 33 34 35 36 37 38 39 40 41 42 43 44 45 46 47 48 49 50 51 52 53
FORCE 1 VOLUME CONSTANT 9.80000 2 0.0 -1.0 157 1 2 3 4 5 6 7 8 9 10 11 12 13 14 15 16 17 18 19 20 21 22 23 24 25 26 27 28 29 30 31 32 33 34 35 36 37 38 39 40 41 42 43 44 45 46 47 48 49 50 51 52 53 54 55 56 57 58 59 60 61 62 63 64 65 66 67 68 69 70 71 72 73 74 75 76 77 78 79 80 81 82 83 84 85 86 87 88 89 90 91 92 93 94 95 96 97 98 99 100 101 102 103 104 105 106 107 108 109 110 111 112 113 114 115 116 117 118 119 120 121 122 123 124 125 126 127 128 129 130 131 132 133 134 135 136 137 138 139 140 141 142 143 144 145 146 147 148 149 150 151 152 153 154 155 156 157
